71
1 706 778
2 698 204 0 37
3 129 176 0 38
4 505 536 0 39
5 865 678 0 40
6 821 222 0 41
7 594 334 0 42
8 587 317 0 43
9 363 992 0 44
10 37 808 0 45
11 542 108 0 46
12 599 231 0 47
13 922 947 0 48
14 806 662 0 49
15 985 267 0 50
16 387 135 0 51
17 198 671 0 52
18 18 60 0 53
19 442 126 0 54
20 881 484 0 55
21 96 36 0 56
22 142 485 0 57
23 474 93 0 58
24 207 800 0 59
25 184 602 0 60
26 547 968 0 61
27 1 374 0 62
28 519 251 0 63
29 191 759 0 64
30 932 911 0 65
31 160 73 0 66
32 620 809 0 67
33 271 148 0 68
34 523 838 0 69
35 660 18 0 70
36 253 299 0 71
37 768 924 1 2
38 942 814 1 3
39 679 639 1 4
40 856 675 1 5
41 482 205 1 6
42 408 227 1 7
43 124 171 1 8
44 471 16 1 9
45 54 321 1 10
46 270 281 1 11
47 690 212 1 12
48 463 72 1 13
49 896 114 1 14
50 669 797 1 15
51 512 453 1 16
52 654 667 1 17
53 294 593 1 18
54 523 870 1 19
55 375 989 1 20
56 515 900 1 21
57 682 697 1 22
58 924 513 1 23
59 392 159 1 24
60 84 880 1 25
61 824 800 1 26
62 447 674 1 27
63 752 320 1 28
64 348 689 1 29
65 603 851 1 30
66 860 900 1 31
67 671 297 1 32
68 935 364 1 33
69 410 714 1 34
70 203 508 1 35
71 943 515 1 36
-999
