71
1 297 37
2 767 727 0 37
3 697 199 0 38
4 262 545 0 39
5 623 925 0 40
6 381 411 0 41
7 986 534 0 42
8 833 204 0 43
9 81 513 0 44
10 922 626 0 45
11 340 775 0 46
12 234 308 0 47
13 159 219 0 48
14 945 615 0 49
15 707 32 0 50
16 802 593 0 51
17 430 325 0 52
18 131 2 0 53
19 249 943 0 54
20 897 654 0 55
21 848 241 0 56
22 796 718 0 57
23 609 400 0 58
24 122 465 0 59
25 657 373 0 60
26 68 133 0 61
27 468 919 0 62
28 764 501 0 63
29 862 681 0 64
30 679 185 0 65
31 129 920 0 66
32 522 946 0 67
33 987 30 0 68
34 19 926 0 69
35 115 214 0 70
36 412 287 0 71
37 815 869 1 2
38 366 229 1 3
39 795 67 1 4
40 626 639 1 5
41 147 603 1 6
42 947 379 1 7
43 879 60 1 8
44 57 284 1 9
45 164 265 1 10
46 829 854 1 11
47 214 830 1 12
48 121 269 1 13
49 847 739 1 14
50 440 930 1 15
51 665 468 1 16
52 502 352 1 17
53 63 834 1 18
54 915 626 1 19
55 68 999 1 20
56 458 249 1 21
57 320 969 1 22
58 353 156 1 23
59 134 899 1 24
60 343 922 1 25
61 938 103 1 26
62 480 230 1 27
63 934 37 1 28
64 98 581 1 29
65 320 793 1 30
66 227 528 1 31
67 87 799 1 32
68 557 220 1 33
69 325 960 1 34
70 160 158 1 35
71 43 392 1 36
-999
