61
1 478 553
2 905 773 0 32
3 833 247 0 33
4 775 563 0 34
5 138 419 0 35
6 503 791 0 36
7 771 933 0 37
8 326 978 0 38
9 518 554 0 39
10 692 263 0 40
11 936 110 0 41
12 504 463 0 42
13 634 763 0 43
14 222 522 0 44
15 151 562 0 45
16 631 509 0 46
17 892 633 0 47
18 357 887 0 48
19 862 579 0 49
20 929 995 0 50
21 351 652 0 51
22 104 182 0 52
23 879 14 0 53
24 953 795 0 54
25 602 915 0 55
26 111 461 0 56
27 400 10 0 57
28 254 1 0 58
29 206 525 0 59
30 173 734 0 60
31 67 613 0 61
32 327 220 1 2
33 420 794 1 3
34 11 101 1 4
35 26 607 1 5
36 730 264 1 6
37 910 758 1 7
38 214 59 1 8
39 27 922 1 9
40 167 567 1 10
41 477 398 1 11
42 25 682 1 12
43 389 838 1 13
44 230 821 1 14
45 384 154 1 15
46 947 1 1 16
47 261 67 1 17
48 436 664 1 18
49 750 990 1 19
50 982 195 1 20
51 972 497 1 21
52 199 721 1 22
53 601 316 1 23
54 700 139 1 24
55 455 19 1 25
56 345 947 1 26
57 596 512 1 27
58 210 440 1 28
59 617 378 1 29
60 860 5 1 30
61 166 707 1 31
-999
