51
1 955 199
2 577 81 0 27
3 753 306 0 28
4 667 86 0 29
5 32 36 0 30
6 405 265 0 31
7 751 933 0 32
8 443 195 0 33
9 314 856 0 34
10 405 808 0 35
11 432 279 0 36
12 591 156 0 37
13 728 942 0 38
14 69 405 0 39
15 956 975 0 40
16 668 655 0 41
17 470 768 0 42
18 640 743 0 43
19 879 123 0 44
20 470 421 0 45
21 231 166 0 46
22 240 762 0 47
23 217 282 0 48
24 742 458 0 49
25 783 841 0 50
26 415 872 0 51
27 566 874 1 2
28 868 626 1 3
29 885 331 1 4
30 41 920 1 5
31 990 229 1 6
32 583 62 1 7
33 210 500 1 8
34 250 319 1 9
35 664 598 1 10
36 627 735 1 11
37 29 120 1 12
38 274 96 1 13
39 317 491 1 14
40 94 477 1 15
41 639 892 1 16
42 873 561 1 17
43 278 560 1 18
44 195 992 1 19
45 159 515 1 20
46 343 935 1 21
47 570 112 1 22
48 80 657 1 23
49 128 54 1 24
50 909 527 1 25
51 856 34 1 26
-999
