41
1 137 716
2 715 127 0 22
3 889 353 0 23
4 180 105 0 24
5 547 529 0 25
6 526 644 0 26
7 535 333 0 27
8 935 969 0 28
9 751 898 0 29
10 175 444 0 30
11 28 614 0 31
12 860 311 0 32
13 203 486 0 33
14 346 312 0 34
15 401 506 0 35
16 497 571 0 36
17 932 76 0 37
18 866 628 0 38
19 492 758 0 39
20 502 762 0 40
21 735 577 0 41
22 549 226 1 2
23 487 896 1 3
24 573 788 1 4
25 729 383 1 5
26 458 201 1 6
27 499 966 1 7
28 358 126 1 8
29 228 175 1 9
30 535 469 1 10
31 927 922 1 11
32 388 336 1 12
33 643 264 1 13
34 242 494 1 14
35 574 991 1 15
36 945 712 1 16
37 124 10 1 17
38 122 925 1 18
39 549 347 1 19
40 635 405 1 20
41 969 688 1 21
-999
