61
1 183 424
2 371 511 0 32
3 49 235 0 33
4 397 59 0 34
5 759 295 0 35
6 723 696 0 36
7 575 334 0 37
8 703 535 0 38
9 159 294 0 39
10 750 353 0 40
11 37 277 0 41
12 686 924 0 42
13 16 127 0 43
14 653 545 0 44
15 790 680 0 45
16 424 280 0 46
17 776 806 0 47
18 301 916 0 48
19 459 670 0 49
20 421 910 0 50
21 976 549 0 51
22 277 66 0 52
23 811 360 0 53
24 996 463 0 54
25 366 529 0 55
26 850 379 0 56
27 167 238 0 57
28 132 876 0 58
29 870 564 0 59
30 799 97 0 60
31 83 689 0 61
32 876 651 1 2
33 62 853 1 3
34 763 57 1 4
35 298 9 1 5
36 151 770 1 6
37 886 286 1 7
38 2 851 1 8
39 969 208 1 9
40 782 585 1 10
41 645 699 1 11
42 256 106 1 12
43 12 894 1 13
44 437 187 1 14
45 829 682 1 15
46 667 215 1 16
47 999 258 1 17
48 107 65 1 18
49 274 178 1 19
50 596 129 1 20
51 395 990 1 21
52 775 378 1 22
53 216 195 1 23
54 504 761 1 24
55 108 514 1 25
56 873 773 1 26
57 277 376 1 27
58 996 119 1 28
59 246 508 1 29
60 230 484 1 30
61 109 56 1 31
-999
