51
1 660 70
2 43 819 0 27
3 969 294 0 28
4 289 582 0 29
5 653 912 0 30
6 625 170 0 31
7 555 333 0 32
8 819 752 0 33
9 955 596 0 34
10 462 899 0 35
11 533 445 0 36
12 773 618 0 37
13 109 306 0 38
14 500 428 0 39
15 595 93 0 40
16 460 426 0 41
17 354 941 0 42
18 584 772 0 43
19 475 214 0 44
20 962 336 0 45
21 855 63 0 46
22 413 646 0 47
23 149 628 0 48
24 784 125 0 49
25 547 456 0 50
26 154 790 0 51
27 333 102 1 2
28 745 501 1 3
29 549 370 1 4
30 667 283 1 5
31 5 306 1 6
32 132 494 1 7
33 852 559 1 8
34 3 275 1 9
35 936 0 1 10
36 48 241 1 11
37 5 648 1 12
38 62 888 1 13
39 259 778 1 14
40 708 495 1 15
41 807 194 1 16
42 103 985 1 17
43 900 616 1 18
44 402 358 1 19
45 604 43 1 20
46 64 148 1 21
47 308 303 1 22
48 751 58 1 23
49 653 241 1 24
50 523 461 1 25
51 279 527 1 26
-999
