71
1 1 907
2 233 465 0 37
3 913 187 0 38
4 884 40 0 39
5 244 801 0 40
6 601 316 0 41
7 790 934 0 42
8 210 761 0 43
9 722 252 0 44
10 979 717 0 45
11 441 942 0 46
12 417 770 0 47
13 541 583 0 48
14 376 639 0 49
15 346 149 0 50
16 594 364 0 51
17 314 498 0 52
18 75 31 0 53
19 846 35 0 54
20 389 569 0 55
21 472 138 0 56
22 969 601 0 57
23 541 746 0 58
24 164 132 0 59
25 420 988 0 60
26 807 50 0 61
27 234 146 0 62
28 641 376 0 63
29 527 720 0 64
30 305 548 0 65
31 145 996 0 66
32 71 377 0 67
33 629 89 0 68
34 771 882 0 69
35 388 616 0 70
36 833 793 0 71
37 791 396 1 2
38 154 22 1 3
39 737 353 1 4
40 241 657 1 5
41 315 904 1 6
42 178 803 1 7
43 501 116 1 8
44 264 650 1 9
45 609 793 1 10
46 550 68 1 11
47 952 21 1 12
48 792 670 1 13
49 372 927 1 14
50 54 863 1 15
51 88 960 1 16
52 78 9 1 17
53 678 713 1 18
54 719 248 1 19
55 721 494 1 20
56 987 75 1 21
57 1 833 1 22
58 138 834 1 23
59 763 29 1 24
60 714 401 1 25
61 881 452 1 26
62 463 452 1 27
63 343 678 1 28
64 723 635 1 29
65 961 822 1 30
66 544 214 1 31
67 879 548 1 32
68 746 292 1 33
69 367 837 1 34
70 182 833 1 35
71 493 453 1 36
-999
