61
1 774 682
2 440 34 0 32
3 617 258 0 33
4 154 68 0 34
5 517 542 0 35
6 283 885 0 36
7 967 533 0 37
8 950 421 0 38
9 877 815 0 39
10 635 172 0 40
11 835 944 0 41
12 321 2 0 42
13 253 399 0 43
14 792 498 0 44
15 512 445 0 45
16 838 738 0 46
17 7 460 0 47
18 414 858 0 48
19 265 487 0 49
20 438 80 0 50
21 727 755 0 51
22 932 298 0 52
23 946 668 0 53
24 911 128 0 54
25 838 300 0 55
26 372 543 0 56
27 634 783 0 57
28 377 126 0 58
29 541 486 0 59
30 546 371 0 60
31 52 536 0 61
32 778 788 1 2
33 778 735 1 3
34 259 144 1 4
35 753 205 1 5
36 310 758 1 6
37 934 231 1 7
38 426 266 1 8
39 85 636 1 9
40 553 549 1 10
41 309 97 1 11
42 795 258 1 12
43 767 782 1 13
44 23 455 1 14
45 939 626 1 15
46 226 788 1 16
47 523 876 1 17
48 765 262 1 18
49 226 803 1 19
50 367 262 1 20
51 549 5 1 21
52 623 63 1 22
53 985 436 1 23
54 897 517 1 24
55 801 523 1 25
56 817 122 1 26
57 915 648 1 27
58 425 761 1 28
59 988 247 1 29
60 489 526 1 30
61 223 359 1 31
-999
