41
1 433 845
2 250 388 0 22
3 673 365 0 23
4 559 609 0 24
5 926 653 0 25
6 307 739 0 26
7 731 933 0 27
8 559 412 0 28
9 110 158 0 29
10 117 353 0 30
11 927 448 0 31
12 678 850 0 32
13 822 122 0 33
14 915 288 0 34
15 762 388 0 35
16 704 800 0 36
17 47 903 0 37
18 923 600 0 38
19 895 667 0 39
20 10 848 0 40
21 111 680 0 41
22 376 342 1 2
23 554 550 1 3
24 531 121 1 4
25 965 768 1 5
26 718 283 1 6
27 732 738 1 7
28 481 251 1 8
29 564 136 1 9
30 909 106 1 10
31 912 845 1 11
32 839 905 1 12
33 1 205 1 13
34 490 538 1 14
35 302 590 1 15
36 525 206 1 16
37 148 482 1 17
38 334 133 1 18
39 607 60 1 19
40 20 388 1 20
41 802 387 1 21
-999
