51
1 546 458
2 646 604 0 27
3 321 329 0 28
4 424 95 0 29
5 790 282 0 30
6 966 454 0 31
7 143 133 0 32
8 689 82 0 33
9 33 377 0 34
10 290 626 0 35
11 230 947 0 36
12 226 234 0 37
13 966 214 0 38
14 208 358 0 39
15 679 741 0 40
16 82 113 0 41
17 701 422 0 42
18 753 686 0 43
19 685 940 0 44
20 486 592 0 45
21 983 372 0 46
22 894 994 0 47
23 352 589 0 48
24 658 123 0 49
25 256 612 0 50
26 936 36 0 51
27 33 420 1 2
28 113 876 1 3
29 556 253 1 4
30 788 195 1 5
31 958 75 1 6
32 486 199 1 7
33 926 382 1 8
34 746 407 1 9
35 119 795 1 10
36 786 723 1 11
37 77 65 1 12
38 698 510 1 13
39 433 919 1 14
40 864 441 1 15
41 304 290 1 16
42 412 713 1 17
43 33 449 1 18
44 781 261 1 19
45 269 459 1 20
46 902 508 1 21
47 93 731 1 22
48 737 854 1 23
49 80 679 1 24
50 680 660 1 25
51 9 49 1 26
-999
