71
1 411 649
2 164 942 0 37
3 345 164 0 38
4 127 31 0 39
5 486 555 0 40
6 40 127 0 41
7 398 734 0 42
8 964 874 0 43
9 4 732 0 44
10 94 899 0 45
11 643 274 0 46
12 782 692 0 47
13 303 311 0 48
14 237 685 0 49
15 624 384 0 50
16 180 906 0 51
17 83 844 0 52
18 962 89 0 53
19 39 217 0 54
20 373 398 0 55
21 720 933 0 56
22 315 369 0 57
23 406 439 0 58
24 249 467 0 59
25 948 217 0 60
26 286 886 0 61
27 768 601 0 62
28 396 126 0 63
29 855 798 0 64
30 558 273 0 65
31 176 150 0 66
32 169 240 0 67
33 913 207 0 68
34 275 795 0 69
35 933 419 0 70
36 674 805 0 71
37 744 452 1 2
38 730 607 1 3
39 621 926 1 4
40 470 693 1 5
41 650 506 1 6
42 639 651 1 7
43 746 227 1 8
44 678 382 1 9
45 499 848 1 10
46 991 494 1 11
47 428 403 1 12
48 134 473 1 13
49 420 301 1 14
50 283 731 1 15
51 935 946 1 16
52 230 325 1 17
53 909 472 1 18
54 327 492 1 19
55 28 484 1 20
56 43 726 1 21
57 363 561 1 22
58 710 192 1 23
59 21 290 1 24
60 455 360 1 25
61 767 149 1 26
62 430 896 1 27
63 161 962 1 28
64 973 743 1 29
65 245 881 1 30
66 177 586 1 31
67 463 47 1 32
68 124 436 1 33
69 452 592 1 34
70 225 182 1 35
71 393 577 1 36
-999
