41
1 23 104
2 319 912 0 22
3 241 388 0 23
4 315 619 0 24
5 684 899 0 25
6 868 929 0 26
7 123 133 0 27
8 805 299 0 28
9 829 679 0 29
10 3 171 0 30
11 725 116 0 31
12 312 927 0 32
13 59 394 0 33
14 54 242 0 34
15 484 154 0 35
16 119 258 0 36
17 279 557 0 37
18 36 542 0 38
19 702 484 0 39
20 26 18 0 40
21 862 885 0 41
22 30 574 1 2
23 689 857 1 3
24 447 786 1 4
25 438 539 1 5
26 240 447 1 6
27 199 284 1 7
28 726 502 1 8
29 235 59 1 9
30 656 381 1 10
31 881 692 1 11
32 742 42 1 12
33 717 87 1 13
34 986 625 1 14
35 757 786 1 15
36 684 194 1 16
37 196 427 1 17
38 758 547 1 18
39 723 488 1 19
40 791 352 1 20
41 466 784 1 21
-999
