71
1 592 166
2 302 988 0 37
3 481 211 0 38
4 640 49 0 39
5 2 48 0 40
6 162 506 0 41
7 183 134 0 42
8 457 648 0 43
9 441 773 0 44
10 865 535 0 45
11 239 609 0 46
12 52 847 0 47
13 778 855 0 48
14 514 592 0 49
15 68 915 0 50
16 9 822 0 51
17 545 152 0 52
18 188 974 0 53
19 652 852 0 54
20 405 739 0 55
21 224 344 0 56
22 623 834 0 57
23 676 53 0 58
24 80 797 0 59
25 893 758 0 60
26 329 215 0 61
27 701 692 0 62
28 887 626 0 63
29 198 642 0 64
30 52 822 0 65
31 114 843 0 66
32 974 514 0 67
33 345 971 0 68
34 267 969 0 69
35 843 812 0 70
36 992 782 0 71
37 839 341 1 2
38 578 436 1 3
39 853 781 1 4
40 11 621 1 5
41 980 302 1 6
42 717 955 1 7
43 257 5 1 8
44 850 918 1 9
45 719 737 1 10
46 109 641 1 11
47 476 639 1 12
48 449 868 1 13
49 323 552 1 14
50 825 996 1 15
51 242 975 1 16
52 926 694 1 17
53 447 954 1 18
54 112 5 1 19
55 415 504 1 20
56 930 424 1 21
57 639 104 1 22
58 567 477 1 23
59 505 769 1 24
60 972 443 1 25
61 995 754 1 26
62 497 8 1 27
63 525 395 1 28
64 473 527 1 29
65 678 764 1 30
66 911 842 1 31
67 296 50 1 32
68 368 147 1 33
69 282 82 1 34
70 139 483 1 35
71 594 330 1 36
-999
