41
1 842 587
2 181 865 0 22
3 105 341 0 23
4 802 600 0 24
5 169 406 0 25
6 746 549 0 26
7 339 733 0 27
8 312 525 0 28
9 392 637 0 29
10 232 535 0 30
11 129 780 0 31
12 43 772 0 32
13 584 850 0 33
14 777 335 0 34
15 40 623 0 35
16 290 342 0 36
17 816 249 0 37
18 810 657 0 38
19 88 849 0 39
20 994 677 0 40
21 359 474 0 41
22 721 110 1 2
23 419 242 1 3
24 616 456 1 4
25 492 998 1 5
26 197 119 1 6
27 266 193 1 7
28 235 1 1 8
29 892 214 1 9
30 161 832 1 10
31 943 999 1 11
32 937 768 1 12
33 285 323 1 13
34 994 450 1 14
35 846 393 1 15
36 366 218 1 16
37 100 537 1 17
38 910 718 1 18
39 491 633 1 19
40 250 423 1 20
41 137 989 1 21
-999
