51
1 365 941
2 508 558 0 27
3 185 282 0 28
4 910 77 0 29
5 275 789 0 30
6 844 75 0 31
7 359 733 0 32
8 196 308 0 33
9 596 335 0 34
10 520 990 0 35
11 634 612 0 36
12 956 79 0 37
13 491 671 0 38
14 930 452 0 39
15 234 210 0 40
16 253 197 0 41
17 239 114 0 42
18 527 801 0 43
19 72 305 0 44
20 454 251 0 45
21 479 960 0 46
22 586 530 0 47
23 81 975 0 48
24 827 793 0 49
25 311 71 0 50
26 893 708 0 51
27 100 329 1 2
28 622 376 1 3
29 213 409 1 4
30 294 646 1 5
31 21 382 1 6
32 681 925 1 7
33 494 617 1 8
34 755 232 1 9
35 209 402 1 10
36 468 747 1 11
37 982 175 1 12
38 850 681 1 13
39 201 64 1 14
40 323 513 1 15
41 974 495 1 16
42 334 410 1 17
43 522 671 1 18
44 609 724 1 19
45 49 570 1 20
46 785 361 1 21
47 46 494 1 22
48 422 460 1 23
49 177 428 1 24
50 138 394 1 25
51 702 19 1 26
-999
