51
1 251 328
2 112 342 0 27
3 537 317 0 28
4 45 591 0 29
5 411 159 0 30
6 185 360 0 31
7 947 533 0 32
8 66 639 0 33
9 673 117 0 34
10 347 717 0 35
11 331 113 0 36
12 408 695 0 37
13 347 578 0 38
14 638 382 0 39
15 318 858 0 40
16 875 884 0 41
17 585 595 0 42
18 697 715 0 43
19 282 32 0 44
20 978 507 0 45
21 607 269 0 46
22 67 878 0 47
23 284 935 0 48
24 700 791 0 49
25 20 227 0 50
26 675 954 0 51
27 800 647 1 2
28 990 751 1 3
29 220 292 1 4
30 414 557 1 5
31 974 152 1 6
32 34 631 1 7
33 568 441 1 8
34 498 363 1 9
35 391 197 1 10
36 207 229 1 11
37 53 592 1 12
38 486 303 1 13
39 375 205 1 14
40 479 459 1 15
41 472 591 1 16
42 642 137 1 17
43 655 505 1 18
44 988 626 1 19
45 714 987 1 20
46 623 721 1 21
47 832 922 1 22
48 409 255 1 23
49 604 867 1 24
50 294 593 1 25
51 433 541 1 26
-999
