61
1 69 812
2 974 296 0 32
3 401 270 0 33
4 532 572 0 34
5 896 665 0 35
6 64 980 0 36
7 163 133 0 37
8 573 865 0 38
9 237 75 0 39
10 577 81 0 40
11 735 778 0 41
12 139 540 0 42
13 872 35 0 43
14 361 475 0 44
15 873 328 0 45
16 46 967 0 46
17 123 287 0 47
18 470 830 0 48
19 669 396 0 49
20 946 166 0 50
21 103 858 0 51
22 759 414 0 52
23 14 321 0 53
24 869 460 0 54
25 75 685 0 55
26 633 626 0 56
27 867 556 0 57
28 500 251 0 58
29 877 448 0 59
30 920 9 0 60
31 36 459 0 61
32 230 357 1 2
33 136 676 1 3
34 507 188 1 4
35 481 804 1 5
36 889 253 1 6
37 958 703 1 7
38 638 473 1 8
39 143 350 1 9
40 938 531 1 10
41 142 796 1 11
42 564 834 1 12
43 145 727 1 13
44 816 90 1 14
45 494 98 1 15
46 505 575 1 16
47 785 685 1 17
48 93 861 1 18
49 701 616 1 19
50 752 328 1 20
51 126 512 1 21
52 47 405 1 22
53 369 556 1 23
54 93 896 1 24
55 148 28 1 25
56 288 296 1 26
57 234 784 1 27
58 639 83 1 28
59 359 117 1 29
60 118 46 1 30
61 280 10 1 31
-999
