61
1 888 295
2 836 250 0 32
3 265 223 0 33
4 19 554 0 34
5 380 172 0 35
6 942 601 0 36
7 379 734 0 37
8 80 91 0 38
9 800 33 0 39
10 807 444 0 40
11 138 443 0 41
12 869 386 0 42
13 397 491 0 43
14 84 569 0 44
15 429 797 0 45
16 216 51 0 46
17 661 979 0 47
18 244 945 0 48
19 56 761 0 49
20 913 825 0 50
21 600 447 0 51
22 450 950 0 52
23 744 707 0 53
24 38 130 0 54
25 129 144 0 55
26 590 297 0 56
27 934 465 0 57
28 9 751 0 58
29 534 603 0 59
30 426 460 0 60
31 98 766 0 61
32 425 83 1 2
33 703 912 1 3
34 515 13 1 4
35 571 411 1 5
36 571 276 1 6
37 863 814 1 7
38 790 644 1 8
39 911 495 1 9
40 397 603 1 10
41 812 0 1 11
42 486 530 1 12
43 634 949 1 13
44 643 553 1 14
45 274 209 1 15
46 388 428 1 16
47 737 448 1 17
48 778 466 1 18
49 799 365 1 19
50 211 62 1 20
51 819 482 1 21
52 350 36 1 22
53 832 75 1 23
54 308 383 1 24
55 761 9 1 25
56 402 598 1 26
57 958 240 1 27
58 782 798 1 28
59 875 638 1 29
60 601 963 1 30
61 52 405 1 31
-999
