41
1 728 974
2 784 650 0 22
3 457 376 0 23
4 937 114 0 24
5 305 776 0 25
6 87 834 0 26
7 927 533 0 27
8 182 856 0 28
9 469 418 0 29
10 60 262 0 30
11 826 282 0 31
12 495 388 0 32
13 440 758 0 33
14 485 265 0 34
15 123 271 0 35
16 911 29 0 36
17 163 730 0 37
18 979 571 0 38
19 298 576 0 39
20 518 933 0 40
21 486 783 0 41
22 203 458 1 2
23 622 203 1 3
24 489 454 1 4
25 201 154 1 5
26 979 365 1 6
27 966 511 1 7
28 603 377 1 8
29 900 97 1 9
30 282 744 1 10
31 896 768 1 11
32 290 473 1 12
33 359 146 1 13
34 738 581 1 14
35 29 188 1 15
36 104 700 1 16
37 172 954 1 17
38 546 340 1 18
39 665 774 1 19
40 405 370 1 20
41 634 86 1 21
-999
